88 13 37 79 8 24 4 29 23 33a 33b 2 30 122 12 82 26 39 
883779813_Pg346_01.fsa 1 0 136 136 238 250 154 154 196 200 196 198 259 283 136 136 142 163 241 245 117 117 340 346 135 139 243 243 124 124 348 348 122 122 176 176 228 228
883779813_Pg346_02.fsa 1 0 136 137 238 250 200 200 200 200 196 198 283 287 136 148 142 151 239 245 113 113 346 346 135 137 243 243 124 129 348 348 122 122 176 176 228 266
883779813_Pg346_03.fsa 1 0 136 136 238 238 -9 -9 196 196 196 198 283 283 148 148 163 163 239 239 117 117 346 346 135 139 243 243 124 124 348 350 122 122 176 176 228 228
883779813_Pg346_04.fsa 1 0 136 137 238 238 -9 -9 196 202 196 196 283 283 136 138 163 163 241 241 113 117 346 346 139 139 243 243 124 124 348 348 122 122 176 178 228 228
883779813_Pg346_05.fsa 1 0 136 136 238 247 -9 -9 196 202 196 196 283 283 148 150 163 163 235 239 113 117 346 346 135 139 243 271 124 124 348 348 122 122 176 176 228 228
883779813_Pg346_06.fsa 1 0 136 137 247 247 -9 -9 200 202 196 198 283 283 139 139 163 163 237 241 113 113 346 346 135 139 243 243 124 124 348 348 122 122 176 178 228 228
883779813_Pg346_07.fsa 1 0 136 136 238 247 154 154 196 200 196 196 283 283 136 148 163 163 237 239 117 127 344 344 145 145 243 245 124 124 348 348 122 122 176 176 228 228
883779813_Pg346_08.fsa 1 0 136 136 238 247 154 154 200 200 196 198 283 283 148 148 163 163 237 241 113 117 344 344 143 145 243 271 124 129 348 348 122 122 178 178 276 276
883779813_Pg346_09.fsa 1 0 136 137 238 247 -9 -9 202 202 196 198 283 283 150 150 163 163 237 241 113 117 340 346 135 135 243 243 124 124 348 348 122 122 176 178 228 228
883779813_Pg346_10.fsa 1 0 136 137 238 250 -9 -9 202 202 196 198 283 283 136 148 163 163 239 245 113 113 344 346 135 143 243 243 124 129 326 350 122 122 176 176 228 276
883779813_Pg346_11.fsa 1 0 136 137 -9 -9 154 154 196 200 196 196 283 283 136 136 163 163 235 239 113 117 344 346 135 145 243 243 124 129 333 348 122 122 176 178 228 228
883779813_Pg346_12.fsa 1 0 136 137 238 238 -9 -9 200 202 196 198 259 283 136 148 142 163 239 239 117 117 340 346 135 139 243 243 124 124 348 348 122 122 176 178 228 228
883779813_Pg346_13.fsa 1 0 136 136 238 238 154 154 200 202 196 198 259 283 138 148 142 163 239 241 117 117 344 346 139 143 243 243 124 124 326 348 122 122 176 178 228 276
883779813_Pg346_14.fsa 1 0 136 136 238 247 -9 -9 200 202 196 198 283 287 150 150 151 163 235 241 113 113 346 346 137 139 243 245 124 129 348 348 122 122 176 176 266 276
883779813_Pg346_15.fsa 1 0 136 136 238 238 154 154 200 202 196 196 283 285 150 150 163 163 239 239 113 127 344 346 139 143 243 245 124 124 348 348 122 122 176 176 276 276
883779813_Pg346_16.fsa 1 0 136 137 238 238 -9 -9 202 202 198 198 283 283 148 150 163 163 239 239 113 117 344 346 139 143 243 243 124 124 348 348 122 122 176 176 276 276
883779813_Pg346_17.fsa 1 0 136 138 238 238 154 154 196 202 196 196 283 283 136 148 163 163 239 239 113 113 344 344 143 143 243 243 124 124 348 348 122 122 176 176 276 276
883779813_Pg346_18.fsa 1 0 136 137 250 250 -9 -9 196 200 196 196 283 283 136 148 163 163 245 245 113 117 346 346 139 139 243 243 124 126 348 348 122 122 178 178 228 228
883779813_Pg346_19.fsa 1 0 136 136 238 238 154 154 202 202 196 198 283 287 138 150 151 163 239 241 113 127 346 346 137 139 243 243 124 124 333 348 122 122 176 178 228 266
883779813_Pg346_20.fsa 1 0 136 137 238 247 150 150 196 202 196 198 283 283 138 148 163 163 235 239 117 117 340 340 135 135 243 243 124 124 326 326 122 122 176 176 228 228
883779813_Pg346_21.fsa 1 0 136 137 238 238 164 164 200 200 196 198 283 283 136 138 163 163 239 239 113 113 344 346 135 143 243 243 124 124 326 350 122 122 176 178 228 276
883779813_Pg346_22.fsa 1 0 136 136 238 238 -9 -9 196 200 196 196 283 283 136 136 163 163 241 241 117 127 346 346 139 139 243 245 124 124 348 348 122 122 176 178 228 276
883779813_Pg346_23.fsa 1 0 136 137 238 238 -9 -9 202 202 196 196 283 283 136 150 163 163 239 241 117 117 344 346 135 143 243 245 124 124 348 348 122 122 176 178 228 276
883779813_Pg346_24.fsa 1 0 136 136 238 247 -9 -9 196 200 196 198 283 283 138 148 163 163 235 239 113 117 346 346 139 139 243 243 124 124 326 348 122 122 178 178 228 276
883779813_Pg347_01.fsa 2 0 136 136 250 253 152 168 200 200 196 196 281 281 138 154 149 153 235 241 119 121 342 348 137 139 245 279 124 124 333 333 122 122 176 176 272 272
883779813_Pg347_02.fsa 2 0 136 136 253 253 152 168 200 216 196 196 279 291 136 156 151 155 241 241 119 123 340 348 137 145 245 245 124 124 333 333 122 122 176 176 276 276
883779813_Pg347_03.fsa 2 0 136 136 250 250 152 152 198 198 196 196 253 281 136 152 153 153 237 239 121 125 342 342 137 137 245 279 120 123 333 353 122 122 176 176 288 294
883779813_Pg347_11.fsa 2 0 136 136 250 250 168 178 198 200 196 196 259 283 145 152 153 155 239 239 117 119 342 350 135 141 242 242 120 129 333 353 122 122 176 176 266 288
883779813_Pg347_12.fsa 2 0 136 136 250 250 152 178 -9 -9 196 196 281 283 136 136 155 155 237 241 113 113 338 340 135 139 245 245 120 120 333 333 122 122 176 176 274 292
883779813_Pg347_17.fsa 2 0 136 136 250 250 -9 -9 198 200 196 196 259 281 -9 -9 153 163 239 239 113 113 340 350 141 145 245 279 120 120 333 353 122 122 176 176 274 276
883779813_Pg347_18.fsa 2 0 136 136 250 250 152 152 198 202 196 196 263 281 136 154 149 151 237 239 113 121 338 340 139 149 245 245 120 123 333 333 122 122 176 176 272 292
883779813_Pg347_21.fsa 2 0 -9 -9 250 250 152 178 200 200 196 196 253 253 138 154 153 153 239 239 119 121 342 342 137 137 245 245 120 129 333 333 122 122 176 176 288 288
883779813_Pg347_22.fsa 2 0 136 136 250 250 168 178 200 214 196 196 259 281 136 150 151 153 237 239 119 121 340 342 137 149 265 279 120 129 333 333 122 122 176 176 266 272
883779813_Pg347_23.fsa 2 0 136 136 250 250 178 178 200 214 196 196 259 279 152 154 151 163 237 239 121 123 340 340 139 145 253 265 120 124 333 353 122 122 176 176 274 276
883779813_Pg348_01.fsa 3 0 136 136 250 253 178 178 200 216 196 196 281 291 138 154 155 155 237 241 121 121 342 348 137 137 245 245 120 120 333 353 122 122 176 176 228 276
883779813_Pg348_02.fsa 3 0 136 136 238 238 156 156 200 200 196 196 253 283 136 142 151 163 235 239 123 127 328 342 135 137 247 251 124 124 333 356 122 122 176 176 268 268
883779813_Pg348_03.fsa 3 0 136 136 238 238 -9 -9 200 200 196 196 253 263 136 142 155 163 239 239 123 127 340 342 135 135 247 251 124 124 356 356 122 122 176 176 268 270
883779813_Pg348_04.fsa 3 0 136 136 250 250 152 178 -9 -9 196 196 -9 -9 145 154 149 151 239 239 113 123 -9 -9 135 145 -9 -9 -9 -9 -9 -9 122 122 176 176 -9 -9
883779813_Pg348_05.fsa 3 0 -9 -9 -9 -9 -9 -9 -9 -9 -9 -9 281 281 136 136 149 149 237 241 123 123 342 342 135 135 245 245 -9 -9 333 333 122 122 175 176 272 272
883779813_Pg348_06.fsa 3 0 136 136 250 250 152 178 200 216 196 196 263 281 136 145 149 151 237 241 123 123 342 342 135 137 245 245 120 129 333 333 122 122 176 176 272 288
883779813_Pg348_07.fsa 3 0 -9 -9 250 250 152 178 200 200 196 196 259 259 136 154 163 163 239 239 109 113 340 340 139 139 245 245 120 120 333 333 122 122 176 176 274 274
883779813_Pg348_08.fsa 3 0 136 136 250 250 178 178 200 216 196 196 279 281 136 154 149 151 239 239 123 125 340 342 135 139 245 245 -9 -9 333 333 122 122 176 176 270 272
883779813_Pg348_09.fsa 3 0 -9 -9 247 250 152 152 200 214 196 196 263 279 136 136 151 151 237 237 113 119 340 342 137 139 245 245 -9 -9 333 333 122 122 176 176 -9 -9
883779813_Pg348_10.fsa 3 0 136 136 250 250 152 178 200 216 196 196 281 281 136 145 149 149 237 239 123 123 340 342 135 139 279 279 120 120 333 353 122 122 176 176 272 274
883779813_Pg348_11.fsa 3 0 136 136 250 250 152 178 216 216 196 196 281 281 136 136 149 155 237 239 119 125 342 342 135 137 238 269 129 129 333 353 122 122 176 176 228 272
883779813_Pg348_12.fsa 3 0 136 136 250 250 178 178 216 216 196 196 279 281 138 154 149 151 237 239 125 125 340 342 135 139 245 245 120 129 333 353 122 122 176 176 270 272
883779813_Pg348_13.fsa 3 0 136 136 250 250 178 178 214 216 196 196 279 281 136 138 149 151 237 241 123 125 340 342 135 139 245 245 129 129 333 353 122 122 176 176 270 272
883779813_Pg348_14.fsa 3 0 136 136 -9 -9 168 168 198 198 196 196 -9 -9 136 136 151 163 239 239 119 123 340 340 139 145 245 245 120 123 333 333 122 122 176 176 274 276
883779813_Pg348_15.fsa 3 0 136 136 250 250 168 178 200 200 196 196 279 281 136 136 149 151 237 239 113 123 340 350 135 145 245 279 -9 -9 -9 -9 -9 -9 -9 -9 -9 -9
883779813_Pg348_16.fsa 3 0 136 136 238 250 178 178 200 200 196 196 281 283 144 145 149 151 237 239 113 123 328 342 135 137 245 251 120 123 333 356 122 124 176 176 268 272
883779813_Pg348_17.fsa 3 0 136 136 238 250 168 168 198 200 196 196 259 283 136 136 151 163 235 239 113 125 328 340 137 139 247 247 124 124 333 356 122 122 176 176 268 274
883779813_Pg348_18.fsa 3 0 136 136 238 256 156 156 200 200 196 196 253 263 136 142 155 163 235 239 127 127 340 342 135 135 247 251 124 124 333 333 122 122 176 176 268 270
883779813_Pg348_19.fsa 3 0 136 136 238 253 156 178 198 200 196 196 281 281 136 154 149 149 235 241 121 127 340 342 139 147 245 247 120 124 333 356 122 122 176 176 264 272
883779813_Pg348_20.fsa 3 0 136 136 238 256 174 174 200 200 196 196 253 281 136 136 149 163 235 239 127 127 340 342 135 147 247 247 124 124 333 333 122 122 176 176 264 268
883779813_Pg348_21.fsa 3 0 136 136 253 256 156 178 200 216 196 196 263 291 136 154 155 163 239 241 121 125 346 348 137 137 245 247 120 123 333 350 122 122 176 176 266 276
883779813_Pg348_22.fsa 3 0 136 136 250 250 168 168 198 198 196 196 259 281 136 154 149 163 239 239 109 121 340 350 135 139 245 279 -9 -9 333 333 122 122 176 176 272 274
883779813_Pg348_23.fsa 3 0 136 136 247 250 152 168 200 214 196 196 281 281 136 154 155 155 237 239 119 121 340 340 135 139 245 245 120 123 333 333 122 122 176 176 276 290
883779813_Pg348_24.fsa 3 0 136 136 235 250 152 168 198 200 196 196 259 281 136 154 149 163 239 239 109 121 340 350 135 139 242 279 120 120 333 333 122 122 176 176 272 274
883779813_Pg349_01.fsa 4 0 136 139 241 253 152 154 198 200 196 196 273 275 152 152 149 153 241 243 119 123 344 346 137 145 243 257 124 124 333 333 122 122 175 175 272 278
883779813_Pg349_02.fsa 4 0 136 136 253 256 152 154 190 198 198 198 279 279 138 138 149 149 241 243 117 119 344 344 137 137 242 261 124 124 348 348 122 122 175 175 228 272
883779813_Pg349_03.fsa 4 0 136 136 253 256 154 154 190 198 196 198 279 279 150 150 153 163 237 241 119 119 342 344 135 143 242 242 124 124 333 348 122 124 175 175 272 278
883779813_Pg349_04.fsa 4 0 136 136 241 256 154 154 190 200 196 198 263 279 -9 -9 149 163 241 241 119 125 344 346 -9 -9 257 261 123 132 333 348 122 122 175 176 272 272
883779813_Pg349_07.fsa 4 0 136 136 241 256 154 252 198 200 196 198 263 275 136 152 155 163 241 241 117 119 344 346 143 143 257 257 124 124 333 348 122 122 175 176 272 276
883779813_Pg349_08.fsa 4 0 136 139 256 256 152 252 198 200 196 198 263 279 136 152 149 163 241 241 119 123 344 344 137 143 242 261 -9 -9 348 348 122 124 175 176 272 272
883779813_Pg349_09.fsa 4 0 136 136 256 256 152 152 198 198 196 198 263 279 150 150 149 163 237 241 119 119 344 346 137 145 257 261 -9 -9 333 348 122 126 175 175 272 272
883779813_Pg349_10.fsa 4 0 136 136 256 256 154 156 198 198 196 196 275 279 136 138 149 155 237 241 117 123 340 344 137 143 242 261 124 124 348 350 122 122 175 176 276 278
883779813_Pg349_11.fsa 4 0 136 136 250 256 152 152 200 200 196 198 263 275 138 138 155 163 237 241 123 125 340 344 137 143 257 257 123 123 348 348 122 124 175 175 272 278
883779813_Pg349_12.fsa 4 0 136 136 256 256 154 154 202 202 196 196 263 271 136 138 155 163 237 239 117 119 340 344 137 145 261 261 124 124 333 348 122 126 175 175 272 276
883779813_Pg349_13.fsa 4 0 136 136 241 250 154 156 198 198 196 196 263 271 138 150 149 163 239 241 117 119 344 344 -9 -9 257 257 124 132 348 350 124 124 175 176 272 272
883779813_Pg349_14.fsa 4 0 136 136 256 256 154 154 198 200 196 198 279 279 136 152 149 149 237 241 119 123 344 344 137 137 257 261 124 125 348 348 122 124 175 175 272 272
883779813_Pg349_15.fsa 4 0 136 136 241 256 154 154 200 200 200 200 271 275 150 150 151 155 241 241 115 115 344 344 139 143 242 261 124 124 348 348 122 124 175 176 272 276
883779813_Pg349_16.fsa 4 0 136 136 256 256 154 252 190 200 196 196 279 279 138 150 151 163 241 241 117 119 342 344 135 139 261 261 124 124 348 348 122 122 175 176 266 272
883779813_Pg349_17.fsa 4 0 136 136 256 256 156 156 198 200 196 196 263 279 150 150 153 163 237 241 119 123 344 346 137 145 242 261 124 132 348 348 122 126 176 176 272 272
883779813_Pg349_18.fsa 4 0 136 136 253 256 152 152 198 200 196 198 271 279 150 150 149 151 237 241 119 123 340 344 135 137 269 269 124 124 348 348 124 124 175 175 272 272
883779813_Pg349_19.fsa 4 0 136 136 241 250 156 156 198 202 196 196 271 279 138 150 151 153 239 241 119 119 344 344 139 139 242 257 123 123 333 333 122 124 175 176 272 278
883779813_Pg349_20.fsa 4 0 136 136 256 256 154 154 190 198 196 196 271 275 150 152 151 155 241 241 123 123 340 340 135 137 242 242 132 132 333 348 122 122 175 176 272 276
883779813_Pg349_21.fsa 4 0 136 136 256 256 154 154 200 202 196 196 271 279 138 150 149 151 237 241 119 123 344 344 137 137 242 242 124 124 333 348 124 126 176 176 272 272
883779813_Pg349_22.fsa 4 0 136 136 -9 -9 154 154 198 200 -9 -9 279 279 150 150 149 151 237 241 117 123 344 344 137 139 242 252 124 124 333 348 122 122 175 176 272 272
883779813_Pg349_23.fsa 4 0 136 136 238 256 152 154 198 198 196 198 263 279 136 150 149 163 241 241 119 123 344 344 137 143 242 257 124 124 333 348 122 122 175 176 272 272
883779813_Pg349_24.fsa 4 0 136 136 256 256 156 156 198 202 196 198 279 279 138 150 149 163 237 241 119 123 344 346 145 147 242 269 124 132 333 348 122 124 175 175 272 272
883779813_Pg350_01.fsa 5 0 136 140 238 247 164 164 196 196 196 196 275 281 145 150 149 163 241 245 119 119 340 342 137 137 243 265 126 126 333 356 122 122 175 176 228 278
883779813_Pg350_02.fsa 5 0 -9 -9 -9 -9 -9 -9 -9 -9 -9 -9 -9 -9 138 138 -9 -9 -9 -9 -9 -9 -9 -9 -9 -9 -9 -9 -9 -9 333 333 -9 -9 -9 -9 -9 -9
883779813_Pg350_03.fsa 5 0 140 140 247 247 152 152 196 204 196 196 259 279 150 152 149 163 -9 -9 119 119 340 344 145 147 238 265 124 126 333 356 122 122 175 176 266 280
883779813_Pg350_04.fsa 5 0 136 136 247 247 168 168 196 200 196 196 259 259 150 150 163 163 245 245 117 119 344 344 135 139 243 267 123 123 333 333 122 122 176 176 274 274
883779813_Pg350_05.fsa 5 0 136 140 247 256 152 152 196 198 196 196 281 281 138 150 163 163 237 245 121 123 344 344 137 137 261 265 124 126 333 333 122 122 175 176 272 272
883779813_Pg350_06.fsa 5 0 135 136 238 250 186 186 202 204 196 196 281 285 145 150 151 163 -9 -9 119 119 342 342 135 141 265 265 123 123 326 333 122 122 175 176 266 278
883779813_Pg350_07.fsa 5 0 136 140 238 247 152 152 196 196 196 196 259 279 150 152 149 163 241 241 119 125 340 344 139 147 267 275 124 124 333 356 122 122 175 176 228 280
883779813_Pg350_08.fsa 5 0 136 140 247 247 -9 -9 196 196 196 196 273 289 152 152 161 163 237 245 119 121 338 340 141 153 265 271 124 124 348 356 122 122 176 176 266 276
883779813_Pg350_09.fsa 5 0 136 140 238 247 152 164 196 196 196 196 259 273 136 152 149 163 -9 -9 119 119 340 344 139 147 243 265 123 123 356 356 122 122 175 176 274 280
883779813_Pg350_10.fsa 5 0 136 140 238 238 -9 -9 202 202 196 196 279 285 145 150 149 151 237 241 121 121 340 342 137 141 265 271 120 126 333 333 122 122 175 176 266 272
883779813_Pg350_11.fsa 5 0 136 136 247 247 168 168 196 204 196 196 273 279 150 152 149 163 245 245 119 123 -9 -9 137 145 269 273 124 124 333 356 122 122 176 176 266 276
883779813_Pg350_12.fsa 5 0 140 140 238 247 164 164 196 198 196 196 259 283 138 150 149 149 223 245 121 123 340 342 141 147 243 265 124 126 333 333 122 122 175 176 266 280
883779813_Pg350_13.fsa 5 0 136 140 244 247 152 152 204 204 196 196 285 297 145 152 151 161 237 239 119 119 344 344 135 151 243 265 123 123 333 333 122 122 176 176 270 274
883779813_Pg350_14.fsa 5 0 133 133 238 247 -9 -9 196 198 196 196 259 273 138 142 163 163 241 245 119 123 338 344 141 151 265 269 124 124 333 356 122 122 176 176 270 276
883779813_Pg350_15.fsa 5 0 -9 -9 247 250 178 186 196 204 196 196 259 281 136 152 153 163 237 241 113 119 344 344 135 151 251 269 123 123 333 356 122 122 175 176 270 278
883779813_Pg350_16.fsa 5 0 140 140 247 256 164 164 198 202 196 196 273 281 136 136 163 163 237 245 121 123 344 344 137 137 265 265 124 126 333 333 122 122 175 175 270 272
883779813_Pg350_17.fsa 5 0 140 140 238 250 186 186 202 202 196 196 259 281 138 150 163 163 237 241 119 119 340 344 139 147 243 269 123 123 348 356 122 122 176 176 274 280
883779813_Pg350_18.fsa 5 0 -9 -9 238 250 -9 -9 -9 -9 196 196 -9 -9 136 136 -9 -9 -9 -9 -9 -9 -9 -9 147 147 -9 -9 -9 -9 326 326 -9 -9 -9 -9 -9 -9
883779813_Pg350_19.fsa 5 0 140 140 247 247 -9 -9 196 198 196 196 259 281 136 145 153 163 237 245 119 119 342 344 137 151 245 245 124 124 333 333 122 122 175 176 270 278
883779813_Pg350_20.fsa 5 0 136 140 238 238 152 164 196 202 196 196 259 281 138 152 163 163 241 241 119 119 342 344 139 141 273 273 123 123 333 356 122 122 176 176 228 266
883779813_Pg350_21.fsa 5 0 136 140 247 247 186 186 196 198 196 196 279 285 136 152 149 163 237 237 119 119 344 344 139 151 271 273 123 123 333 333 122 122 175 176 268 278
883779813_Pg350_22.fsa 5 0 136 136 238 244 168 170 196 196 196 196 259 291 136 152 149 153 237 241 119 119 340 344 139 147 265 265 124 124 333 356 122 122 176 176 -9 -9
883779813_Pg351_01.fsa 6 0 136 136 -9 -9 154 180 198 198 196 196 259 289 136 150 149 151 237 239 121 123 340 344 137 139 -9 -9 124 124 333 353 122 122 175 176 260 270
883779813_Pg351_02.fsa 6 0 138 138 247 247 154 180 198 206 196 200 259 295 136 142 151 155 235 241 113 121 342 344 137 147 242 273 -9 -9 -9 -9 -9 -9 -9 -9 -9 -9
883779813_Pg351_03.fsa 6 0 135 136 247 253 170 172 198 198 196 196 -9 -9 -9 -9 -9 -9 -9 -9 117 121 342 344 149 149 245 279 124 124 353 356 122 124 175 176 262 270
883779813_Pg351_04.fsa 6 0 136 136 247 253 170 170 198 208 196 196 263 295 150 150 149 151 237 237 121 123 342 344 137 149 245 245 123 123 333 356 122 122 175 176 228 274
883779813_Pg351_05.fsa 6 0 135 136 238 247 154 154 194 198 196 196 259 279 142 142 153 163 235 245 121 123 342 342 135 143 242 244 124 124 326 356 122 122 175 176 270 272
883779813_Pg351_06.fsa 6 0 136 136 247 253 154 154 196 208 196 196 259 283 136 138 153 157 233 237 121 121 342 344 135 151 261 271 124 124 353 353 122 124 175 176 228 270
883779813_Pg351_07.fsa 6 0 135 136 247 247 174 174 198 198 196 196 259 263 136 138 149 153 235 239 113 117 342 342 137 143 242 277 120 124 333 333 122 122 175 175 268 272
883779813_Pg351_08.fsa 6 0 136 136 247 253 170 180 198 208 196 200 259 289 136 136 149 153 235 237 113 113 340 342 135 151 261 271 124 124 333 353 122 122 175 176 264 270
883779813_Pg351_09.fsa 6 0 136 136 247 247 170 184 198 198 196 200 265 281 142 150 149 151 235 235 113 121 340 340 137 149 245 261 124 124 333 333 122 122 175 176 264 268
883779813_Pg351_10.fsa 6 0 136 136 247 259 170 170 198 202 196 200 289 293 150 152 149 151 235 245 113 121 340 342 149 151 245 261 124 124 333 333 122 122 175 175 260 270
883779813_Pg351_11.fsa 6 0 136 136 247 250 178 210 198 198 196 196 263 263 150 150 149 149 235 235 113 121 340 340 135 141 275 277 129 129 333 333 122 122 176 176 228 256
883779813_Pg351_12.fsa 6 0 136 136 238 247 178 178 198 200 196 196 263 285 138 150 149 151 235 245 117 121 340 340 135 137 261 275 124 124 333 333 122 122 176 176 228 274
883779813_Pg351_13.fsa 6 0 136 136 247 253 154 184 198 198 194 196 283 293 150 150 149 163 235 245 117 121 342 342 135 137 242 273 123 123 333 336 122 122 176 176 228 278
883779813_Pg351_14.fsa 6 0 136 138 238 247 154 154 198 208 196 196 267 277 -9 150 -9 -9 235 239 113 117 340 342 137 151 242 244 -9 -9 333 336 122 122 175 176 260 278
883779813_Pg351_15.fsa 6 0 136 136 253 259 184 184 198 202 196 196 263 291 136 136 149 157 237 245 117 121 340 346 135 151 245 261 124 124 333 333 122 124 175 176 228 228
883779813_Pg351_16.fsa 6 0 136 136 247 247 170 174 198 198 196 196 263 291 138 150 149 155 237 237 113 117 340 344 135 151 245 245 123 123 326 333 122 124 176 176 -9 -9
883779813_Pg351_17.fsa 6 0 136 136 247 253 154 154 198 200 196 196 259 289 138 150 149 151 235 237 113 117 342 344 137 137 242 242 123 123 333 353 120 122 176 176 268 270
883779813_Pg351_18.fsa 6 0 136 136 247 256 -9 -9 198 198 196 196 263 293 136 150 149 149 -9 -9 117 121 340 342 143 157 242 273 123 123 353 356 122 122 176 176 228 262
883779813_Pg351_19.fsa 6 0 136 136 247 247 182 182 198 198 196 196 265 289 136 150 149 163 235 235 113 113 340 344 145 151 242 275 124 124 333 353 122 122 175 176 228 228
883779813_Pg351_20.fsa 6 0 136 136 247 247 154 154 198 198 196 196 265 279 136 150 151 163 223 235 113 123 340 340 143 145 242 244 122 123 333 353 122 122 176 176 228 262
883779813_Pg351_21.fsa 6 0 135 136 247 247 154 178 212 212 196 196 263 289 150 150 149 155 235 235 121 125 344 344 133 151 242 242 123 123 333 348 122 122 175 176 262 262
883779813_Pg351_22.fsa 6 0 136 136 247 253 178 180 198 198 196 196 259 267 138 150 151 153 237 237 123 125 342 342 147 153 242 244 123 123 326 333 122 122 176 176 228 278
883779813_Pg351_23.fsa 6 0 135 136 247 253 174 180 198 198 196 196 283 293 138 152 151 157 235 245 113 121 342 344 149 151 245 245 124 124 326 359 122 122 176 176 228 268
883779813_Pg351_24.fsa 6 0 135 136 247 247 154 154 198 198 196 196 259 277 136 138 149 151 235 235 113 117 340 340 137 139 242 242 123 123 353 353 122 124 175 176 260 264
883779813_Pg352_01.fsa 7 0 136 136 238 256 -9 -9 198 204 196 198 263 283 136 136 151 155 235 241 127 127 328 340 135 137 245 247 124 129 356 356 122 122 176 176 268 270
883779813_Pg352_02.fsa 7 0 136 136 256 256 156 180 198 204 196 196 263 263 136 136 153 155 235 241 125 127 340 340 135 147 245 247 124 129 356 356 122 122 176 176 228 270
883779813_Pg352_03.fsa 7 0 136 136 244 256 156 156 198 198 196 200 263 263 142 142 155 163 235 241 113 127 340 346 135 137 247 251 124 124 348 348 122 122 176 176 266 270
883779813_Pg352_04.fsa 7 0 136 136 256 256 156 180 198 200 196 196 -9 -9 -9 -9 -9 -9 -9 -9 117 127 340 340 135 135 245 247 124 129 356 356 122 122 176 176 270 270
883779813_Pg352_05.fsa 7 0 136 136 250 250 154 210 198 198 198 200 263 283 136 138 151 155 235 241 127 127 328 340 135 137 245 251 124 124 348 356 122 122 175 176 268 270
883779813_Pg352_06.fsa 7 0 136 136 238 244 174 174 198 198 196 200 263 283 136 136 153 163 235 241 117 127 340 346 137 147 247 251 124 129 348 356 122 122 176 176 228 266
883779813_Pg352_07.fsa 7 0 -9 -9 238 256 156 180 200 200 196 196 279 281 136 142 149 151 235 235 123 127 338 340 135 147 251 251 124 124 326 333 122 122 176 176 260 264
883779813_Pg352_08.fsa 7 0 136 136 256 256 174 174 200 204 196 196 253 283 138 144 153 163 235 239 117 125 338 342 135 135 247 251 124 124 326 333 122 122 176 176 268 274
883779813_Pg352_09.fsa 7 0 136 136 256 256 156 156 200 200 196 196 281 283 136 144 149 151 239 239 123 123 328 340 137 147 247 251 124 124 333 356 124 124 176 176 264 268
883779813_Pg352_10.fsa 7 0 136 136 238 256 152 156 198 204 196 198 263 283 136 136 151 155 235 241 127 127 328 340 135 137 245 247 -9 -9 356 356 122 122 176 176 268 270
883779813_Pg352_11.fsa 7 0 136 136 238 256 152 152 198 200 196 196 253 253 136 144 163 163 239 239 113 125 342 342 135 135 251 251 124 124 333 333 122 124 176 176 268 268
883779813_Pg352_12.fsa 7 0 136 136 238 256 -9 -9 200 200 196 196 253 263 136 144 155 163 235 239 113 127 340 342 135 135 247 251 124 124 333 356 122 124 176 176 268 270
883779813_Pg352_13.fsa 7 0 136 136 238 238 174 174 200 200 196 196 263 281 136 142 149 163 235 239 125 127 340 346 137 147 247 247 124 124 333 350 122 122 176 176 264 266
883779813_Pg352_14.fsa 7 0 136 136 238 256 174 174 200 200 196 196 253 253 136 136 163 163 235 239 127 127 342 342 135 135 247 251 124 124 333 333 122 122 176 176 268 268
883779813_Pg352_15.fsa 7 0 136 136 238 256 156 156 200 200 196 196 263 281 142 144 149 163 235 239 127 127 340 346 137 147 247 247 124 124 333 350 122 122 176 176 264 266
883779813_Pg352_16.fsa 7 0 136 136 238 238 210 210 198 200 196 196 263 283 144 144 151 163 235 239 113 113 328 346 137 137 247 251 124 124 333 333 124 124 176 176 266 268
883779813_Pg352_17.fsa 7 0 136 136 238 244 156 156 198 198 196 200 253 253 138 142 163 163 235 241 123 127 340 342 135 147 247 247 124 124 326 333 122 124 176 176 228 268
883779813_Pg352_18.fsa 7 0 136 136 238 256 156 156 198 200 196 196 263 283 136 144 151 155 239 241 113 123 328 340 135 137 251 251 124 124 356 356 122 124 176 176 268 270
883779813_Pg352_19.fsa 7 0 -9 -9 238 256 156 174 200 200 196 196 -9 -9 136 136 163 163 -9 -9 125 127 -9 -9 135 137 -9 -9 124 124 333 333 122 122 176 176 266 268
883779813_Pg352_20.fsa 7 0 136 136 256 256 150 150 198 198 196 200 263 263 136 136 163 163 235 241 117 127 346 246 137 137 245 251 124 124 348 350 122 122 176 176 266 266
883779813_Pg352_21.fsa 7 0 136 136 238 256 164 210 200 200 196 196 281 283 136 142 149 151 239 239 127 127 328 340 137 147 247 251 124 124 350 356 122 124 176 176 264 268
883779813_Pg352_22.fsa 7 0 136 136 238 256 156 156 200 200 196 196 263 281 136 136 149 163 235 239 125 127 340 346 137 147 247 247 124 124 350 356 122 122 176 176 264 266
883779813_Pg352_23.fsa 7 0 136 136 238 256 174 174 200 200 196 196 263 281 136 144 149 163 235 239 125 127 340 346 137 147 251 251 124 124 333 350 122 122 176 176 264 266
883779813_Pg352_24.fsa 7 0 136 136 238 256 156 156 198 200 196 196 253 281 136 144 149 163 239 241 113 127 340 342 135 147 251 251 124 124 333 333 122 124 176 176 264 268
883779813_Pg353_01.fsa 8 0 136 136 238 256 176 176 196 196 200 200 263 263 136 136 142 142 235 245 113 113 340 340 147 147 243 243 123 123 336 336 122 122 176 176 266 266
883779813_Pg353_02.fsa 8 0 136 136 235 235 210 210 198 200 200 212 253 263 136 140 142 142 235 243 113 121 -9 -9 147 153 242 243 123 127 333 336 122 124 175 176 266 266
883779813_Pg353_03.fsa 8 0 136 136 247 247 176 176 198 200 196 196 263 265 140 150 142 163 239 239 117 117 340 344 137 147 245 246 123 123 336 356 122 124 176 176 266 278
883779813_Pg353_04.fsa 8 0 136 136 235 247 210 210 198 198 196 212 265 283 136 150 151 163 239 243 121 127 328 344 137 137 247 247 123 127 348 356 122 122 175 176 268 278
883779813_Pg353_05.fsa 8 0 135 136 235 256 180 180 198 198 200 212 263 265 136 136 155 163 -9 -9 113 117 340 344 135 137 245 245 123 123 326 333 122 122 175 176 270 278
883779813_Pg353_06.fsa 8 0 136 136 235 247 152 219 196 200 196 212 263 265 140 150 142 163 239 243 121 121 340 344 137 147 243 246 127 127 333 336 124 124 176 176 266 278
883779813_Pg353_07.fsa 8 0 135 136 235 235 -9 -9 196 204 196 212 253 263 136 150 142 159 243 243 121 121 340 340 147 149 243 243 127 127 336 336 124 124 176 176 266 266
883779813_Pg353_08.fsa 8 0 135 136 244 247 154 154 198 198 196 196 265 265 136 140 163 163 235 237 113 121 344 344 137 137 243 245 123 127 336 356 122 124 175 176 278 278
883779813_Pg353_09.fsa 8 0 135 136 247 247 180 180 198 198 196 196 265 265 135 140 163 163 237 237 113 121 344 344 137 137 242 243 123 127 356 356 122 124 176 176 278 278
883779813_Pg353_10.fsa 8 0 136 136 235 235 180 180 198 198 196 212 265 265 140 150 142 163 243 243 117 121 344 344 137 137 243 246 124 127 336 356 122 124 176 176 278 278
883779813_Pg353_11.fsa 8 0 -9 -9 247 247 176 176 198 200 196 212 263 265 136 140 142 163 237 239 117 121 340 344 137 147 251 251 124 127 356 356 122 124 176 176 266 278
883779813_Pg353_12.fsa 8 0 136 136 235 247 152 210 196 198 196 196 253 265 140 150 142 163 239 243 117 121 328 344 137 153 243 245 124 127 333 336 124 124 175 176 266 278
883779813_Pg353_13.fsa 8 0 135 136 238 247 174 176 196 198 196 212 263 265 150 150 142 163 -9 -9 117 121 340 344 137 147 245 245 123 127 336 356 122 122 176 176 266 278
883779813_Pg353_14.fsa 8 0 135 136 235 247 -9 -9 196 196 196 212 253 263 150 150 142 159 237 243 121 121 328 328 149 153 245 245 124 127 336 336 124 124 176 176 266 266
883779813_Pg353_15.fsa 8 0 135 135 235 238 180 180 198 198 196 212 263 265 136 140 142 163 235 243 117 121 340 344 137 147 243 243 123 127 333 336 122 124 176 176 266 278
883779813_Pg353_16.fsa 8 0 135 136 244 247 154 154 198 198 196 196 265 265 136 150 163 163 235 237 113 127 344 344 137 137 243 246 123 123 356 356 122 122 176 176 278 278
883779813_Pg353_17.fsa 8 0 135 136 235 238 154 154 196 200 212 212 253 265 150 150 142 163 243 245 113 121 344 344 137 137 243 245 123 127 333 336 122 124 176 176 266 278
883779813_Pg353_18.fsa 8 0 136 136 235 238 -9 -9 198 200 212 212 263 265 136 150 159 163 243 245 113 117 328 328 137 149 243 243 123 123 333 336 122 122 176 176 266 278
883779813_Pg353_19.fsa 8 0 136 138 235 256 174 174 196 196 212 212 263 263 136 140 142 142 239 243 117 121 340 340 147 147 247 247 124 124 336 336 122 122 176 176 266 266
883779813_Pg353_20.fsa 8 0 136 136 235 256 210 210 198 200 200 212 253 263 136 140 142 142 235 243 113 121 328 340 147 153 242 243 123 127 333 336 122 124 176 176 266 266
883779813_Pg353_21.fsa 8 0 136 136 247 247 176 176 198 200 196 196 263 265 150 150 142 163 239 239 117 117 340 344 137 147 245 245 124 124 336 356 122 122 176 176 266 278
883779813_Pg353_22.fsa 8 0 136 136 235 247 168 210 198 198 196 212 265 283 136 150 151 163 239 243 121 127 328 344 137 137 247 247 123 127 348 356 122 122 175 176 268 278
883779813_Pg353_23.fsa 8 0 135 135 235 247 -9 -9 196 200 196 212 253 263 140 140 142 142 239 243 121 121 328 340 147 153 243 243 127 127 336 336 124 124 176 176 266 266
883779813_Pg353_24.fsa 8 0 136 136 256 256 176 176 198 198 200 212 263 283 136 150 142 153 235 241 117 123 340 342 135 147 247 247 124 124 336 336 122 124 176 176 266 268
883779813_Pg354_01.fsa 9 0 136 136 247 247 154 174 194 198 196 196 -9 -9 -9 -9 -9 -9 -9 -9 115 117 328 344 135 149 245 253 123 132 348 350 122 122 175 178 270 272
883779813_Pg354_02.fsa 9 0 136 136 247 253 154 174 194 196 196 196 -9 -9 -9 -9 -9 -9 -9 -9 121 121 328 346 143 149 261 261 132 132 333 348 122 122 176 176 272 276
883779813_Pg354_10.fsa 9 0 136 136 238 247 154 154 194 198 196 196 277 279 136 138 149 163 -9 -9 113 113 340 346 -9 -9 -9 -9 -9 -9 350 365 -9 -9 176 176 264 274
883779813_Pg354_11.fsa 9 0 136 136 250 253 154 154 196 198 196 196 279 283 136 136 153 153 235 239 113 113 344 346 143 143 261 263 129 129 348 350 122 122 175 178 260 264
883779813_Pg354_12.fsa 9 0 136 136 247 250 154 154 194 194 196 196 279 279 136 136 149 149 235 239 119 121 328 340 143 149 261 261 123 123 333 333 122 122 175 175 264 272
883779813_Pg354_13.fsa 9 0 136 136 238 247 154 154 194 194 196 196 277 277 138 150 149 149 235 241 113 113 328 342 145 149 242 246 129 129 333 348 122 122 176 178 264 272
883779813_Pg354_14.fsa 9 0 136 136 -9 -9 152 152 -9 -9 196 196 279 279 150 150 153 153 237 241 117 119 344 346 143 147 261 261 123 129 333 350 122 122 175 178 264 264
883779813_Pg354_15.fsa 9 0 136 136 238 250 154 154 194 194 196 196 279 289 136 150 149 149 235 239 113 113 340 348 135 143 242 246 123 132 333 348 122 122 175 176 264 264
883779813_Pg354_22.fsa 9 0 136 136 247 250 154 154 194 202 196 196 265 279 136 136 149 153 237 239 113 121 344 346 141 141 253 271 123 123 333 350 122 122 175 176 228 282
883779813_Pg354_23.fsa 9 0 136 136 247 247 154 154 194 194 196 196 277 279 150 150 149 163 235 237 113 121 346 346 141 149 242 242 123 123 348 373 122 122 176 176 260 264
883779813_Pg354_24.fsa 9 0 136 136 238 253 154 189 196 198 196 196 265 277 150 150 149 163 235 235 113 121 328 346 145 149 -9 -9 -9 -9 333 348 122 122 175 178 -9 -9
883779813_Pg355_01.fsa 10 0 135 135 235 235 184 210 196 196 198 200 253 253 140 142 142 142 235 243 121 121 328 340 153 153 243 243 127 127 336 336 124 124 176 176 266 266
883779813_Pg355_02.fsa 10 0 135 135 235 238 156 156 196 204 200 212 253 253 136 142 142 142 235 245 113 121 328 328 153 153 242 243 127 127 336 336 122 124 176 176 266 266
883779813_Pg355_03.fsa 10 0 135 135 235 235 154 154 196 204 200 212 253 253 136 136 142 142 243 245 121 125 328 340 153 153 243 243 124 127 336 336 122 124 176 176 266 266
883779813_Pg355_04.fsa 10 0 135 135 247 247 152 208 198 198 196 196 263 265 142 150 142 163 237 239 113 127 340 344 137 147 243 245 123 123 336 336 122 124 176 176 266 278
883779813_Pg355_05.fsa 10 0 135 136 235 238 176 223 196 198 200 212 253 263 136 136 142 163 -9 -9 113 119 340 342 135 135 242 243 127 129 336 356 122 122 176 176 266 268
883779813_Pg355_06.fsa 10 0 135 135 235 235 225 225 196 204 198 212 253 253 136 136 142 142 235 243 113 125 328 340 153 153 243 243 124 129 336 336 122 122 176 176 266 266
883779813_Pg355_07.fsa 10 0 135 135 235 235 -9 -9 196 196 198 212 253 253 136 136 142 142 235 243 113 125 328 340 153 153 242 242 124 129 336 336 122 122 176 176 266 266
883779813_Pg355_08.fsa 10 0 136 136 244 247 210 210 198 198 196 196 265 265 136 140 163 163 -9 -9 121 125 344 344 -9 -9 245 245 124 127 336 356 122 124 176 176 278 278
883779813_Pg355_09.fsa 10 0 135 135 235 238 -9 -9 196 204 198 200 253 253 136 142 142 142 235 235 113 121 328 328 153 153 242 243 127 127 336 336 122 124 176 176 266 266
883779813_Pg355_10.fsa 10 0 135 135 235 238 -9 -9 196 196 198 212 253 253 136 142 142 142 235 235 113 121 340 340 146 146 242 243 127 127 336 336 122 124 176 176 266 266
883779813_Pg355_11.fsa 10 0 135 135 235 238 -9 -9 196 204 198 200 253 253 136 140 142 142 235 235 121 121 328 340 153 153 242 242 124 127 336 336 122 124 176 176 266 266
883779813_Pg355_12.fsa 10 0 135 135 235 238 184 225 196 196 200 200 253 253 136 140 142 142 235 243 121 125 328 340 153 153 242 243 124 127 336 336 122 122 176 176 266 266
883779813_Pg355_13.fsa 10 0 135 135 235 235 156 156 196 204 198 212 253 253 136 142 142 142 235 243 113 121 340 340 137 146 242 243 127 127 336 336 122 124 176 176 266 266
883779813_Pg355_14.fsa 10 0 135 135 235 235 152 225 196 196 198 212 253 253 136 140 142 142 235 243 113 125 328 340 153 153 242 242 124 127 336 336 122 124 176 176 266 266
883779813_Pg355_15.fsa 10 0 138 138 235 247 154 215 196 198 196 212 253 263 140 142 142 142 241 243 121 121 328 340 147 153 243 243 127 127 336 336 124 124 176 176 266 266
883779813_Pg355_16.fsa 10 0 136 136 247 253 154 180 196 198 -9 -9 293 293 136 138 142 149 -9 -9 117 123 342 342 147 151 238 242 122 123 333 333 122 122 176 176 256 268
883779813_Pg355_17.fsa 10 0 135 135 235 238 184 225 196 204 198 200 253 253 136 142 142 142 235 235 113 121 340 340 -9 -9 242 243 127 127 336 336 122 124 176 176 266 266
883779813_Pg355_18.fsa 10 0 135 138 235 235 225 225 196 198 212 212 253 263 136 140 142 142 243 243 113 121 328 340 147 153 242 243 127 127 336 336 122 124 176 176 266 266
883779813_Pg355_19.fsa 10 0 135 135 235 235 225 225 196 196 212 212 253 253 136 142 136 142 243 245 113 121 328 340 153 153 243 243 127 127 336 336 122 124 176 176 266 266
883779813_Pg355_20.fsa 10 0 138 138 235 247 176 225 196 198 196 212 253 263 140 142 142 142 239 243 121 121 340 340 147 147 243 243 127 127 336 336 124 124 176 176 266 266
883779813_Pg355_21.fsa 10 0 136 136 247 253 154 170 198 198 196 196 265 265 136 150 151 151 235 235 121 123 340 344 143 153 275 275 124 124 333 353 122 122 176 176 262 272
883779813_Pg355_22.fsa 10 0 136 136 241 247 154 154 198 198 196 196 289 293 136 150 149 151 235 235 121 123 340 342 151 155 242 275 123 129 333 356 122 122 176 176 256 272
883779813_Pg355_23.fsa 10 0 135 135 235 238 202 210 196 196 200 212 253 253 140 142 142 142 235 245 121 121 328 328 153 153 243 243 127 127 336 336 124 124 176 176 266 266
883779813_Pg355_24.fsa 10 0 135 135 235 235 225 225 196 196 198 212 253 253 136 140 142 142 235 243 121 121 328 340 153 153 242 243 127 127 336 336 124 124 176 176 266 266
883779813_Pg356_01.fsa 11 0 136 136 235 235 -9 -9 194 196 198 198 273 273 140 140 159 159 241 241 113 127 338 338 141 141 250 254 127 127 336 342 122 124 176 176 272 272
883779813_Pg356_02.fsa 11 0 136 136 235 235 164 164 194 204 198 212 273 273 139 140 147 159 241 241 113 113 342 350 143 143 244 252 127 127 336 336 122 124 176 176 290 290
883779813_Pg356_03.fsa 11 0 136 136 235 235 -9 -9 194 204 198 212 273 273 140 140 147 159 241 241 113 113 342 350 143 155 250 252 127 127 336 336 122 124 176 176 272 272
883779813_Pg356_04.fsa 11 0 136 136 235 235 166 166 196 200 198 198 273 273 140 140 153 161 241 245 113 117 342 342 145 155 252 252 127 127 336 336 124 124 176 176 280 288
883779813_Pg356_05.fsa 11 0 136 136 235 235 156 156 196 204 198 198 273 273 140 140 161 161 241 249 113 117 342 352 141 155 246 252 127 127 336 336 122 122 176 176 268 268
883779813_Pg356_06.fsa 11 0 136 136 235 235 164 188 194 196 198 214 273 273 139 140 147 153 241 245 113 117 342 352 155 155 246 250 127 127 336 336 122 122 176 176 272 272
883779813_Pg356_07.fsa 11 0 136 136 235 235 166 166 196 200 198 198 273 273 139 139 153 161 241 245 113 117 342 342 145 155 252 252 127 127 336 336 124 124 176 176 280 288
883779813_Pg356_08.fsa 11 0 136 136 235 235 156 164 204 204 198 198 253 273 140 140 147 153 241 241 113 129 342 352 155 155 250 254 127 127 336 336 124 124 176 176 268 272
883779813_Pg356_09.fsa 11 0 136 136 235 235 -9 -9 194 204 198 198 273 273 140 140 151 153 241 241 -9 -9 -9 -9 -9 -9 -9 -9 127 127 336 336 124 124 176 176 228 268
883779813_Pg356_10.fsa 11 0 136 136 235 235 156 174 194 204 198 212 273 273 139 140 153 153 241 249 113 123 342 350 143 147 250 250 127 127 336 336 124 124 176 176 268 268
883779813_Pg356_11.fsa 11 0 136 136 235 235 164 164 194 202 198 198 273 273 139 140 151 161 241 241 113 127 352 352 143 159 250 252 127 127 336 336 122 124 176 176 228 288
883779813_Pg356_12.fsa 11 0 136 136 235 235 164 164 196 198 198 212 273 273 139 140 151 159 241 249 117 123 350 352 143 159 252 252 127 127 336 336 122 122 176 176 228 280
883779813_Pg356_13.fsa 11 0 136 136 235 235 164 164 204 204 198 198 273 273 140 140 153 161 241 241 113 117 342 352 153 155 250 252 127 127 336 345 -9 -9 176 176 280 280
883779813_Pg356_14.fsa 11 0 136 136 235 235 164 174 204 204 198 198 273 273 140 140 153 161 241 249 113 117 342 352 155 155 250 252 127 127 336 336 122 124 175 176 272 280
883779813_Pg356_15.fsa 11 0 136 136 235 235 162 162 194 198 198 214 273 273 139 140 151 153 241 243 117 123 336 342 147 155 244 252 127 127 336 342 124 124 176 176 268 280
883779813_Pg356_16.fsa 11 0 136 136 235 235 156 184 196 204 198 212 273 273 140 140 153 157 241 241 113 117 342 352 155 157 251 251 127 127 336 336 122 122 176 176 274 282
883779813_Pg356_17.fsa 11 0 136 136 235 235 166 166 194 194 198 198 273 273 139 140 147 161 241 241 113 127 342 350 141 143 251 251 127 127 336 336 124 124 176 176 290 290
883779813_Pg356_18.fsa 11 0 136 136 235 235 164 164 196 202 198 198 273 273 140 140 -9 -9 241 245 117 128 342 352 141 153 246 252 127 127 336 336 122 122 176 176 -9 -9
883779813_Pg356_19.fsa 11 0 136 136 235 235 164 164 196 204 198 198 273 273 139 140 153 159 241 241 117 123 350 350 143 143 250 252 127 127 336 336 122 124 176 176 280 284
883779813_Pg356_20.fsa 11 0 136 136 235 235 -9 -9 200 206 198 198 273 273 140 140 147 161 245 249 113 123 342 352 141 155 246 252 127 127 336 336 122 122 176 176 272 290
883779813_Pg356_21.fsa 11 0 136 136 235 235 164 184 202 204 198 198 273 273 140 140 147 153 241 241 113 113 342 342 141 147 244 250 127 127 336 336 122 124 176 176 268 290
883779813_Pg356_22.fsa 11 0 136 136 235 235 174 174 196 206 198 198 273 273 140 140 151 153 241 249 113 117 336 342 143 147 244 254 127 127 336 342 122 124 176 176 268 282
883779813_Pg356_23.fsa 11 0 136 136 235 235 -9 -9 194 202 198 198 273 273 139 140 147 161 241 241 113 117 342 352 141 153 246 250 127 127 336 336 122 122 176 176 288 290
883779813_Pg356_24.fsa 11 0 136 136 235 235 -9 -9 194 204 198 198 273 273 139 140 153 161 241 241 113 127 352 352 155 155 250 250 127 127 336 336 122 124 176 176 272 272
883779813_Pg357_01.fsa 12 0 134 136 235 235 180 180 192 196 212 212 253 253 138 140 155 155 241 243 121 123 344 344 155 155 256 256 127 127 326 326 124 124 176 176 294 298
883779813_Pg357_02.fsa 12 0 134 136 235 235 180 182 192 192 212 212 253 253 138 139 153 155 241 243 121 121 342 342 139 141 256 256 127 127 336 336 124 124 176 176 292 304
883779813_Pg357_03.fsa 12 0 136 136 232 235 180 180 192 202 212 212 253 253 138 138 153 155 241 241 121 123 332 332 153 155 250 256 124 124 333 336 -9 -9 176 176 296 304
883779813_Pg357_04.fsa 12 0 136 136 235 235 180 180 192 192 212 212 253 253 138 138 155 155 241 241 121 123 332 342 141 153 256 256 127 127 326 333 124 124 175 175 298 300
883779813_Pg357_05.fsa 12 0 136 136 232 232 156 180 192 192 212 212 253 253 138 138 153 155 241 241 123 123 332 344 139 141 250 256 127 127 326 333 124 124 175 176 292 296
883779813_Pg357_06.fsa 12 0 136 136 235 235 156 156 192 202 212 212 253 253 138 140 153 155 241 243 121 123 332 342 139 155 256 256 127 127 326 333 124 124 175 176 286 306
883779813_Pg357_07.fsa 12 0 134 134 235 235 184 184 192 192 212 212 253 253 138 138 153 155 241 243 121 121 332 342 139 155 256 256 124 127 326 333 124 124 176 176 298 304
883779813_Pg357_08.fsa 12 0 -9 -9 -9 -9 -9 -9 -9 -9 -9 -9 -9 -9 -9 -9 -9 -9 -9 -9 117 121 -9 -9 -9 -9 -9 -9 122 122 -9 -9 -9 -9 175 178 -9 -9
883779813_Pg357_09.fsa 12 0 136 136 235 235 156 180 192 202 212 212 253 253 138 139 153 155 241 241 123 123 344 344 139 141 256 256 127 127 326 333 124 124 175 175 292 306
883779813_Pg357_10.fsa 12 0 134 136 235 235 156 180 202 202 212 212 253 253 138 138 155 155 241 243 121 121 344 344 141 141 256 256 127 127 326 326 124 124 175 176 292 292
883779813_Pg357_11.fsa 12 0 136 136 232 235 156 156 192 202 212 212 253 253 138 139 155 155 241 241 121 123 342 342 155 155 248 248 127 127 326 336 124 124 175 175 300 302
883779813_Pg357_12.fsa 12 0 136 136 232 235 156 180 192 192 212 212 253 253 138 140 153 155 241 241 121 121 332 342 139 155 -9 -9 127 127 326 336 124 124 176 176 -9 -9
883779813_Pg357_13.fsa 12 0 136 136 -9 -9 156 184 192 192 212 212 253 253 138 138 155 155 241 241 121 121 332 342 155 155 -9 -9 127 127 326 336 124 124 176 176 -9 -9
883779813_Pg357_14.fsa 12 0 134 136 232 235 180 180 192 192 212 212 253 253 138 139 155 155 241 241 123 123 344 344 141 155 -9 -9 127 127 326 333 124 124 176 176 292 298
883779813_Pg357_15.fsa 12 0 136 136 235 235 180 182 192 202 212 212 253 253 138 139 153 155 241 243 121 123 344 344 143 155 -9 -9 127 127 326 336 124 124 175 175 298 304
883779813_Pg357_16.fsa 12 0 136 136 232 235 182 182 192 200 212 212 253 253 138 139 155 155 241 241 121 121 342 342 139 155 256 256 127 127 326 326 124 124 175 176 298 302
883779813_Pg357_17.fsa 12 0 136 136 232 235 180 184 192 192 212 212 253 253 138 138 153 155 241 243 113 121 344 344 139 141 248 256 124 127 326 333 124 124 176 176 286 292
883779813_Pg357_18.fsa 12 0 136 136 232 235 180 180 192 192 212 212 253 253 138 138 155 155 241 243 121 123 344 344 139 141 256 256 127 127 333 333 124 124 176 176 292 302
883779813_Pg357_19.fsa 12 0 136 136 232 235 180 184 192 192 212 212 253 253 139 139 153 155 241 243 121 123 332 342 139 153 248 256 127 127 333 336 124 124 175 175 -9 -9
883779813_Pg357_20.fsa 12 0 134 134 235 235 180 184 192 192 212 212 253 253 138 140 155 155 241 241 121 123 344 344 139 141 250 258 127 127 333 333 124 124 176 176 296 300
883779813_Pg357_21.fsa 12 0 134 136 235 235 180 180 192 200 212 212 253 253 138 138 155 155 241 241 121 123 342 342 141 155 -9 -9 127 127 326 326 124 124 176 176 296 298
883779813_Pg357_22.fsa 12 0 136 136 232 235 156 180 192 192 212 212 253 253 139 139 153 155 241 241 121 123 342 342 139 141 -9 -9 127 127 336 336 124 124 176 176 276 302
883779813_Pg357_23.fsa 12 0 136 136 235 235 180 182 192 192 212 212 253 253 138 140 155 155 243 243 121 123 332 342 141 153 256 258 127 127 333 336 124 124 176 176 284 304
883779813_Pg357_24.fsa 12 0 136 136 235 235 180 180 192 192 212 212 253 253 138 139 153 153 241 241 123 123 342 342 139 139 -9 -9 127 127 326 326 124 124 175 175 304 306
883779813_Pg358_01.fsa 13 0 133 135 235 235 -9 -9 196 198 196 212 263 263 140 150 142 165 243 243 121 121 340 346 143 147 242 243 127 127 336 336 124 124 176 176 266 266
883779813_Pg358_02.fsa 13 0 135 135 235 235 177 198 194 194 212 212 253 253 150 152 142 142 243 243 113 113 328 328 153 153 -9 -9 127 127 336 336 124 124 176 176 266 266
883779813_Pg358_03.fsa 13 0 135 136 235 235 -9 -9 196 196 198 212 263 263 140 142 159 159 243 243 113 121 340 340 147 149 -9 -9 127 127 336 336 -9 -9 175 176 266 266
883779813_Pg358_04.fsa 13 0 135 135 235 235 -9 -9 188 198 212 212 253 253 140 140 142 157 243 243 113 113 328 328 149 153 -9 -9 127 127 336 336 124 124 176 176 266 266
883779813_Pg358_05.fsa 13 0 135 138 235 238 208 208 198 198 212 212 253 263 140 150 142 159 243 245 121 121 328 340 147 153 -9 -9 127 127 336 336 124 124 176 176 266 266
883779813_Pg358_06.fsa 13 0 133 138 235 238 150 150 188 196 212 212 263 263 140 150 142 163 243 245 121 121 328 328 145 145 -9 -9 127 127 336 336 124 124 176 176 266 266
883779813_Pg358_07.fsa 13 0 136 138 235 235 194 219 194 198 212 212 253 263 152 154 142 142 243 243 117 121 328 346 143 153 241 241 124 127 336 336 124 124 176 176 266 266
883779813_Pg358_08.fsa 13 0 135 135 235 235 -9 -9 196 196 210 210 253 263 140 140 142 157 243 245 121 121 328 340 147 149 246 276 127 127 336 336 124 124 176 176 266 266
883779813_Pg358_09.fsa 13 0 135 135 235 238 156 156 196 204 212 216 253 253 140 142 151 151 243 245 113 121 328 340 145 149 256 256 124 124 336 336 124 124 175 176 266 266
883779813_Pg358_10.fsa 13 0 136 138 235 238 -9 -9 196 196 212 212 253 263 140 150 157 161 235 245 121 121 340 344 149 149 -9 -9 124 124 336 336 124 124 176 176 266 274
883779813_Pg358_11.fsa 13 0 136 136 235 235 156 156 188 194 206 212 263 263 142 142 159 159 243 243 121 121 340 340 147 147 -9 -9 127 127 336 336 124 124 176 176 266 266
883779813_Pg358_12.fsa 13 0 136 136 235 235 164 164 194 194 212 212 253 263 138 140 142 151 243 243 113 113 328 340 149 149 -9 -9 124 124 336 336 124 124 175 176 266 274
883779813_Pg358_13.fsa 13 0 133 135 235 235 -9 -9 196 198 212 212 263 263 138 140 142 142 243 243 121 121 328 328 149 149 -9 -9 124 124 336 336 124 124 175 176 256 256
883779813_Pg358_14.fsa 13 0 135 135 235 235 156 194 196 196 212 212 263 263 140 152 157 159 243 243 121 121 324 340 145 149 -9 -9 127 127 -9 -9 124 124 176 176 266 266
883779813_Pg358_15.fsa 13 0 133 135 235 235 164 177 194 196 196 212 253 263 150 152 159 159 245 245 113 121 328 340 145 145 -9 -9 127 127 -9 -9 124 124 176 176 266 276
883779813_Pg358_16.fsa 13 0 135 135 235 235 179 219 196 198 196 212 253 263 138 152 142 142 243 243 117 121 328 328 135 147 246 276 127 127 336 336 124 124 176 176 228 266
883779813_Pg358_17.fsa 13 0 136 136 235 235 166 198 200 204 212 212 253 263 138 142 142 142 243 243 113 121 328 340 145 147 246 280 127 127 336 336 122 124 176 176 266 266
883779813_Pg358_18.fsa 13 0 135 135 -9 -9 156 156 -9 -9 -9 -9 263 263 140 154 142 163 243 245 121 121 328 340 149 149 -9 -9 124 124 336 336 122 124 -9 -9 256 266
883779813_Pg358_19.fsa 13 0 135 135 235 235 179 200 188 196 196 196 253 263 138 154 142 142 243 243 121 121 328 344 149 149 -9 -9 124 127 336 336 124 124 175 176 264 266
883779813_Pg358_20.fsa 13 0 133 135 235 235 -9 -9 196 196 212 212 263 263 140 150 142 155 235 243 121 121 328 328 149 149 -9 -9 127 127 336 336 124 124 176 176 266 266
883779813_Pg358_21.fsa 13 0 135 136 235 238 -9 -9 196 196 196 214 263 263 142 152 142 159 243 245 121 121 340 346 147 147 -9 -9 127 127 336 336 122 124 176 176 -9 -9
883779813_Pg358_22.fsa 13 0 136 138 235 235 -9 -9 194 196 212 212 263 263 150 152 159 159 243 243 113 121 324 340 145 149 -9 -9 127 127 336 336 124 124 176 176 266 274
883779813_Pg358_23.fsa 13 0 135 138 235 235 156 175 196 196 196 210 253 263 142 150 159 169 243 243 121 121 328 340 145 149 -9 -9 127 127 336 336 124 124 176 176 266 276
883779813_Pg358_24.fsa 13 0 133 136 235 235 150 150 196 196 212 212 253 263 140 150 159 159 243 243 113 121 340 340 149 149 243 243 127 127 336 336 124 124 176 176 266 274
883779813_Pg359_01.fsa 14 0 136 138 235 235 156 156 188 198 208 212 263 263 142 150 155 163 243 243 121 121 328 340 147 147 248 276 124 127 336 336 124 124 176 176 256 266
883779813_Pg359_02.fsa 14 0 135 135 238 238 217 217 196 198 212 212 263 263 150 150 157 157 245 245 121 121 342 346 153 153 -9 -9 127 127 333 336 122 124 176 176 228 228
883779813_Pg359_03.fsa 14 0 135 136 235 238 150 150 196 196 208 212 263 263 152 152 157 163 245 245 113 121 328 342 147 153 -9 -9 124 124 336 336 124 124 176 176 256 282
883779813_Pg359_04.fsa 14 0 136 138 235 238 208 208 196 200 206 212 263 263 150 150 163 163 243 245 113 127 328 342 147 153 -9 -9 127 127 336 336 -9 -9 176 176 -9 -9
883779813_Pg359_05.fsa 14 0 135 138 235 235 217 217 194 196 206 212 263 263 150 152 142 163 243 243 113 125 328 340 147 149 -9 -9 124 124 336 336 -9 -9 176 176 266 266
883779813_Pg359_06.fsa 14 0 135 136 235 235 152 152 196 196 212 214 263 263 150 150 159 163 243 243 113 121 328 340 147 153 -9 -9 127 127 333 336 124 124 176 176 266 266
883779813_Pg359_07.fsa 14 0 136 136 235 238 152 152 196 196 208 212 263 263 150 150 155 159 243 245 113 121 328 340 135 153 -9 -9 124 127 333 336 124 124 176 176 266 266
883779813_Pg359_08.fsa 14 0 135 136 235 235 -9 -9 198 200 212 212 263 263 142 150 142 159 243 245 113 113 340 340 135 135 250 252 124 127 336 336 124 124 176 176 266 270
883779813_Pg359_09.fsa 14 0 135 136 238 238 -9 -9 200 202 210 216 253 263 150 152 142 142 245 245 113 113 328 348 135 147 242 250 124 127 326 336 122 122 176 176 266 266
883779813_Pg359_10.fsa 14 0 135 135 235 238 208 208 196 198 208 214 263 263 150 152 155 159 243 245 113 113 328 340 149 149 250 252 124 127 336 336 124 124 176 176 266 266
883779813_Pg359_11.fsa 14 0 135 136 235 235 152 152 196 200 208 210 253 263 150 152 142 159 243 243 113 115 328 328 147 147 242 250 127 127 326 336 124 124 176 176 228 266
883779813_Pg359_12.fsa 14 0 135 136 238 238 180 215 196 196 208 208 263 263 150 152 142 142 243 245 113 121 338 348 135 147 250 252 124 127 336 336 124 124 176 176 266 270
883779813_Pg359_13.fsa 14 0 136 136 235 238 152 217 196 198 212 212 263 263 142 150 155 159 243 245 113 121 340 340 135 147 250 252 124 127 326 333 124 124 176 176 266 266
883779813_Pg359_14.fsa 14 0 136 136 235 235 215 215 200 200 -9 -9 263 263 152 152 155 159 -9 -9 113 121 340 348 149 155 242 242 127 127 326 336 124 124 176 176 266 266
883779813_Pg359_15.fsa 14 0 136 136 235 235 148 154 196 200 208 208 263 263 150 150 159 163 245 245 121 127 328 340 149 149 250 252 127 127 326 326 122 122 176 176 266 266
883779813_Pg359_16.fsa 14 0 135 136 235 235 215 215 200 200 212 212 263 263 150 150 142 163 243 243 121 127 328 350 147 149 250 250 127 127 330 336 122 124 175 176 266 266
883779813_Pg359_17.fsa 14 0 136 136 235 238 156 271 196 200 212 212 263 263 150 150 142 169 243 245 113 121 340 340 147 147 242 244 127 127 336 336 124 124 176 176 266 266
883779813_Pg359_18.fsa 14 0 133 138 235 238 178 178 196 198 212 212 263 263 150 152 142 159 243 245 113 121 328 328 145 145 242 243 127 127 336 336 124 124 176 176 266 268
883779813_Pg359_19.fsa 14 0 135 135 235 235 -9 -9 196 198 196 196 263 263 140 152 159 159 243 243 121 121 340 340 149 149 246 256 127 127 336 336 124 124 176 176 266 266
883779813_Pg359_20.fsa 14 0 133 135 235 238 156 200 196 196 212 212 263 263 140 150 142 169 243 245 121 121 340 346 -9 -9 259 259 127 127 336 336 124 124 176 176 266 266
883779813_Pg359_21.fsa 14 0 133 135 235 238 150 150 196 196 196 212 263 263 152 154 159 159 243 245 121 121 342 346 143 143 244 248 124 127 336 336 122 124 175 176 262 266
883779813_Pg359_22.fsa 14 0 133 135 235 235 196 215 188 198 210 214 263 263 142 152 142 159 243 243 113 121 328 348 135 147 243 280 -9 -9 336 336 122 124 176 176 228 266
883779813_Pg359_23.fsa 14 0 135 136 235 235 154 198 196 200 198 212 263 263 142 150 142 159 243 243 121 127 338 346 147 149 242 244 127 127 336 336 124 124 176 176 264 266
883779813_Pg359_24.fsa 14 0 135 138 235 235 179 179 196 196 196 214 263 263 150 152 159 159 243 243 -9 -9 328 328 149 149 242 276 124 127 336 336 124 124 175 176 266 266
883779813_Pg360_01.fsa 15 0 135 135 235 235 160 160 194 198 206 206 273 273 140 142 153 155 243 243 121 123 338 338 141 141 240 240 124 130 336 336 124 124 175 176 228 290
883779813_Pg360_02.fsa 15 0 135 136 235 235 152 160 192 192 212 212 273 273 140 152 155 155 243 243 121 123 338 338 141 141 240 250 124 124 336 336 124 124 175 176 228 228
883779813_Pg360_03.fsa 15 0 135 135 235 235 223 223 198 200 206 206 273 273 140 140 155 155 243 243 121 123 338 338 141 141 240 240 130 130 336 336 122 124 175 175 228 228
883779813_Pg360_04.fsa 15 0 136 136 235 235 160 160 198 198 196 206 279 279 140 140 155 155 243 243 121 123 338 338 155 155 242 242 124 130 336 336 122 124 176 176 292 292
883779813_Pg360_05.fsa 15 0 135 136 235 235 160 223 198 204 206 206 273 279 140 150 153 155 243 243 121 123 336 336 -9 -9 242 246 130 130 336 336 122 124 176 176 290 292
883779813_Pg360_06.fsa 15 0 136 136 235 235 160 160 194 198 212 212 273 273 150 150 153 153 243 243 123 123 338 338 141 141 240 242 124 130 336 336 124 124 176 176 290 290
883779813_Pg360_07.fsa 15 0 136 136 235 235 160 160 194 198 206 212 273 273 140 140 153 155 241 243 121 121 338 338 141 155 240 243 127 130 336 336 122 124 176 176 228 290
883779813_Pg360_08.fsa 15 0 136 136 235 235 223 223 194 198 -9 -9 273 273 140 150 153 153 241 241 121 121 338 338 141 141 243 243 -9 -9 336 336 124 124 176 176 292 292
883779813_Pg360_09.fsa 15 0 137 137 247 247 -9 -9 198 204 206 212 -9 -9 140 152 153 153 243 243 -9 -9 -9 -9 141 141 242 243 -9 -9 330 333 124 124 176 176 290 292
883779813_Pg360_10.fsa 15 0 136 136 235 235 -9 -9 198 200 206 212 273 273 140 140 153 155 243 243 121 123 336 338 -9 -9 240 242 122 130 336 336 124 124 176 176 290 292
883779813_Pg360_11.fsa 15 0 135 136 235 235 -9 -9 198 198 212 212 273 279 140 140 147 155 243 243 121 121 338 342 -9 -9 240 240 130 130 336 336 122 122 176 176 292 292
883779813_Pg360_12.fsa 15 0 135 135 235 235 160 160 198 198 196 212 273 273 -9 -9 153 153 -9 -9 117 121 338 338 141 141 240 240 130 130 336 336 122 124 175 175 292 292
883779813_Pg360_13.fsa 15 0 135 136 235 235 160 160 194 198 206 212 273 273 140 140 155 155 243 243 121 123 336 338 141 141 240 242 130 130 336 336 124 124 176 176 228 290
883779813_Pg360_14.fsa 15 0 135 136 235 235 160 223 194 198 206 212 273 273 140 140 153 155 243 243 121 121 336 338 141 141 240 242 130 130 336 336 122 124 175 176 290 290
883779813_Pg360_15.fsa 15 0 135 136 235 235 160 164 194 198 -9 -9 273 279 140 140 153 155 243 243 121 123 338 342 141 141 242 250 124 130 336 336 122 124 175 176 292 292
883779813_Pg360_16.fsa 15 0 136 136 235 235 225 225 194 200 206 206 273 273 140 140 153 155 243 243 121 121 336 338 141 141 242 242 130 130 336 336 124 124 176 176 290 292
883779813_Pg360_17.fsa 15 0 136 136 235 235 -9 -9 200 200 206 206 273 273 140 140 155 155 243 243 121 123 336 338 141 141 240 242 130 130 336 336 122 124 176 176 228 290
883779813_Pg360_18.fsa 15 0 135 135 235 235 160 160 194 200 196 212 273 273 140 140 153 153 243 243 121 123 338 342 141 141 242 242 124 130 336 336 122 124 175 176 228 256
883779813_Pg360_19.fsa 15 0 135 136 235 235 160 225 198 204 206 212 273 279 150 152 155 155 -9 -9 121 121 336 342 153 155 240 240 127 127 336 336 122 124 176 176 290 292
883779813_Pg360_20.fsa 15 0 136 136 -9 -9 -9 -9 198 198 196 206 273 273 140 140 153 153 241 241 121 121 336 338 141 141 240 240 130 130 336 336 122 124 176 176 292 292
883779813_Pg360_21.fsa 15 0 135 136 235 235 160 160 198 200 196 206 273 273 140 142 153 155 -9 -9 121 121 336 338 141 141 240 242 130 130 336 336 124 124 175 176 290 290
883779813_Pg360_22.fsa 15 0 135 136 235 235 160 160 198 198 196 196 273 273 140 140 153 153 243 243 121 121 338 342 141 155 240 242 130 130 336 336 122 124 175 176 256 292
883779813_Pg360_23.fsa 15 0 136 136 235 235 160 223 198 198 206 206 273 273 140 140 155 155 -9 -9 121 123 336 338 155 155 242 243 127 130 -9 -9 122 124 176 176 228 290
883779813_Pg360_24.fsa 15 0 135 136 235 235 152 210 198 198 196 212 273 273 140 152 147 155 241 241 117 121 338 342 153 155 240 240 130 130 336 336 122 124 176 176 -9 -9
883779813_Pg361_01.fsa 16 0 135 136 235 235 178 178 196 206 196 196 253 263 150 150 147 157 243 243 121 129 342 346 135 153 244 250 127 127 330 330 122 124 175 176 270 270
883779813_Pg361_02.fsa 16 0 135 136 235 235 174 174 206 206 196 196 253 263 142 150 147 157 241 241 113 117 342 346 135 151 244 250 127 128 330 330 122 124 176 176 262 270
883779813_Pg361_03.fsa 16 0 135 135 235 241 -9 -9 192 200 196 196 253 253 150 150 147 163 241 243 121 121 342 344 135 153 244 250 127 127 330 330 122 124 176 176 266 266
883779813_Pg361_04.fsa 16 0 135 135 235 235 156 156 192 206 196 196 253 253 150 150 147 149 241 241 117 129 332 342 147 153 250 250 127 128 330 330 122 124 176 176 -9 -9
883779813_Pg361_05.fsa 16 0 135 136 235 235 152 152 192 206 196 212 -9 -9 150 150 157 159 241 241 113 117 332 342 135 147 244 250 127 128 330 330 122 124 176 176 266 270
883779813_Pg361_06.fsa 16 0 136 136 235 235 152 152 192 196 196 196 253 253 142 142 147 159 241 241 117 129 332 346 155 155 -9 -9 127 128 330 330 122 124 176 176 266 270
883779813_Pg361_07.fsa 16 0 136 136 235 235 152 152 196 200 196 196 253 263 142 150 157 159 241 241 113 113 332 342 135 147 244 250 127 127 330 330 122 124 176 176 266 270
883779813_Pg361_08.fsa 16 0 136 136 235 235 152 152 -9 -9 196 212 253 263 142 142 157 159 241 241 113 117 332 342 135 147 244 250 127 127 330 330 122 122 176 176 266 270
883779813_Pg361_09.fsa 16 0 135 135 235 235 -9 -9 200 206 196 196 263 263 150 150 157 157 241 241 113 117 342 342 135 135 244 250 128 128 330 330 122 124 176 176 270 270
883779813_Pg362_01.fsa 17 0 135 135 235 235 156 156 200 206 -9 -9 253 253 142 142 157 163 241 241 117 117 332 344 135 153 244 246 124 127 333 333 124 124 176 176 262 270
883779813_Pg362_02.fsa 17 0 135 135 235 235 156 156 200 200 212 212 253 253 154 154 147 147 235 235 117 117 346 346 149 149 243 250 124 127 333 336 124 124 176 176 266 266
883779813_Pg362_03.fsa 17 0 135 135 235 235 156 156 200 206 212 212 253 253 154 154 157 163 235 241 117 117 332 344 135 153 246 250 124 127 333 333 124 124 176 176 262 270
883779813_Pg362_04.fsa 17 0 135 135 235 235 156 156 196 200 212 212 -9 -9 154 154 157 157 235 241 117 121 332 332 135 155 246 250 127 127 330 333 124 124 176 176 270 270
883779813_Pg362_05.fsa 17 0 135 135 235 235 156 156 200 200 212 212 253 253 154 154 147 157 241 267 117 121 332 346 135 155 243 246 124 127 333 336 124 124 176 176 266 270
883779813_Pg362_06.fsa 17 0 135 135 235 235 156 156 200 206 212 212 253 253 154 154 147 157 235 267 117 117 332 346 135 155 246 246 124 124 336 336 124 124 176 176 266 270
883779813_Pg362_07.fsa 17 0 135 135 235 235 156 156 206 206 212 212 253 253 154 154 157 157 241 267 117 117 332 332 135 135 244 246 127 127 330 330 124 124 176 176 270 270
883779813_Pg362_08.fsa 17 0 135 135 235 235 156 156 200 200 212 212 253 253 154 154 147 147 235 235 117 117 346 346 149 149 243 243 127 127 336 336 124 124 176 176 266 266
883779813_Pg362_09.fsa 17 0 135 135 235 235 156 156 200 206 212 212 253 253 150 154 147 157 235 241 117 117 332 346 135 149 246 250 124 127 333 336 124 124 176 176 266 270
883779813_Pg362_10.fsa 17 0 135 135 235 235 156 156 206 206 -9 -9 253 253 154 154 147 157 -9 -9 117 117 332 346 135 149 244 246 127 127 333 336 124 124 176 176 266 270
883779813_Pg362_11.fsa 17 0 135 135 235 235 156 156 196 206 -9 -9 253 253 154 154 147 157 235 267 117 117 332 346 135 149 250 250 124 127 333 336 124 124 176 176 266 270
883779813_Pg362_12.fsa 17 0 135 135 235 235 156 156 206 206 212 212 253 253 154 154 157 157 235 235 117 117 332 332 135 155 244 250 127 127 333 333 124 124 176 176 270 270
883779813_Pg362_13.fsa 17 0 135 135 235 235 156 156 200 206 212 212 253 253 154 154 147 157 235 241 117 121 332 346 -9 -9 246 250 124 127 333 336 124 124 176 176 266 270
883779813_Pg362_14.fsa 17 0 135 135 -9 -9 156 156 196 200 212 212 253 253 142 142 147 147 241 241 117 117 346 346 151 155 246 250 124 127 333 333 124 124 176 176 266 266
